     2.000      1.988770463      0.002000000      0.100000000   0.000 
     4.000      1.962840990      0.002000000      0.100000000   0.000 
     6.000      2.005281659      0.002000000      0.100000000   0.000 
     8.000      1.974986706      0.002000000      0.100000000   0.000 
    10.000      1.957671663      0.002000000      0.100000000   0.000 
    12.000      1.967342097      0.002000000      0.100000000   0.000 
    14.000      1.978746910      0.002000000      0.100000000   0.000 
    16.000      1.956552684      0.002000000      0.100000000   0.000 
    18.000      1.945021976      0.002000000      0.100000000   0.000 
    20.000      1.953197868      0.002000000      0.100000000   0.000 
    22.000      1.982170148      0.002000000      0.100000000   0.000 
    24.000      1.971299211      0.002000000      0.100000000   0.000 
    26.000      1.953783885      0.002000000      0.100000000   0.000 
    28.000      1.946105520      0.002000000      0.100000000   0.000 
    30.000      1.950955041      0.002000000      0.100000000   0.000 
    32.000      1.982929545      0.002000000      0.100000000   0.000 
    34.000      1.963536537      0.002000000      0.100000000   0.000 
    36.000      1.953534643      0.002000000      0.100000000   0.000 
    38.000      1.987047601      0.002000000      0.100000000   0.000 
    40.000      1.940272550      0.002000000      0.100000000   0.000 
    42.000      2.007058266      0.002000000      0.100000000   0.000 
    44.000      1.973235227      0.002000000      0.100000000   0.000 
    46.000      1.961044585      0.002000000      0.100000000   0.000 
    48.000      1.942546412      0.002000000      0.100000000   0.000 
    50.000      1.943682642      0.002000000      0.100000000   0.000 
    52.000      1.989600047      0.002000000      0.100000000   0.000 
    54.000      2.004179208      0.002000000      0.100000000   0.000 
    56.000      1.967272826      0.002000000      0.100000000   0.000 
    58.000      2.012305443      0.002000000      0.100000000   0.000 
    60.000      2.028287059      0.002000000      0.100000000   0.000 
    62.000      2.026347142      0.002000000      0.100000000   0.000 
    64.000      2.026679395      0.002000000      0.100000000   0.000 
    66.000      1.994288753      0.002000000      0.100000000   0.000 
    68.000      2.028946585      0.002000000      0.100000000   0.000 
    70.000      2.023339907      0.002000000      0.100000000   0.000 
    72.000      2.039608054      0.002000000      0.100000000   0.000 
    74.000      2.000549501      0.002000000      0.100000000   0.000 
    76.000      2.028877586      0.002000000      0.100000000   0.000 
    78.000      2.001658367      0.002000000      0.100000000   0.000 
    80.000      2.024464896      0.002000000      0.100000000   0.000 
    82.000      2.028151772      0.002000000      0.100000000   0.000 
    84.000      2.006894403      0.002000000      0.100000000   0.000 
    86.000      2.040420772      0.002000000      0.100000000   0.000 
    88.000      2.021773887      0.002000000      0.100000000   0.000 
    90.000      2.044136778      0.002000000      0.100000000   0.000 
    92.000      2.005879959      0.002000000      0.100000000   0.000 
    94.000      2.021999782      0.002000000      0.100000000   0.000 
    96.000      2.057330098      0.002000000      0.100000000   0.000 
    98.000      2.063157168      0.002000000      0.100000000   0.000 
   100.000      2.014931945      0.002000000      0.100000000   0.000 
   102.000      2.009185393      0.002000000      0.100000000   0.000 
   104.000      1.966801370      0.002000000      0.100000000   0.000 
   106.000      1.983684089      0.002000000      0.100000000   0.000 
   108.000      1.997804123      0.002000000      0.100000000   0.000 
   110.000      2.021831156      0.002000000      0.100000000   0.000 
   112.000      1.971569274      0.002000000      0.100000000   0.000 
   114.000      1.995019867      0.002000000      0.100000000   0.000 
   116.000      2.008988352      0.002000000      0.100000000   0.000 
   118.000      2.005610578      0.002000000      0.100000000   0.000 
   120.000      1.982755670      0.002000000      0.100000000   0.000 
   122.000      1.994203156      0.002000000      0.100000000   0.000 
   124.000      2.007531986      0.002000000      0.100000000   0.000 
   126.000      2.000731004      0.002000000      0.100000000   0.000 
   128.000      1.965076083      0.002000000      0.100000000   0.000 
   130.000      1.983734941      0.002000000      0.100000000   0.000 
   132.000      1.968074002      0.002000000      0.100000000   0.000 
   134.000      1.975270666      0.002000000      0.100000000   0.000 
   136.000      1.976109979      0.002000000      0.100000000   0.000 
   138.000      1.974637388      0.002000000      0.100000000   0.000 
   140.000      1.953131399      0.002000000      0.100000000   0.000 
   142.000      1.983983234      0.002000000      0.100000000   0.000 
   144.000      1.979825730      0.002000000      0.100000000   0.000 
   146.000      1.967616468      0.002000000      0.100000000   0.000 
   148.000      1.964363240      0.002000000      0.100000000   0.000 
   150.000      1.939281856      0.002000000      0.100000000   0.000 
   152.000      1.966641227      0.002000000      0.100000000   0.000 
   154.000      1.976907218      0.002000000      0.100000000   0.000 
   156.000      1.973698992      0.002000000      0.100000000   0.000 
   158.000      1.979713726      0.002000000      0.100000000   0.000 
   160.000      1.971005568      0.002000000      0.100000000   0.000 
   162.000      1.967791072      0.002000000      0.100000000   0.000 
   164.000      1.933783050      0.002000000      0.100000000   0.000 
   166.000      1.956780993      0.002000000      0.100000000   0.000 
   168.000      1.944030309      0.002000000      0.100000000   0.000 
   170.000      1.946598686      0.002000000      0.100000000   0.000 
   172.000      1.945525687      0.002000000      0.100000000   0.000 
   174.000      1.953715426      0.002000000      0.100000000   0.000 
   176.000      1.919455062      0.002000000      0.100000000   0.000 
   178.000      1.931174869      0.002000000      0.100000000   0.000 
   180.000      1.938857875      0.002000000      0.100000000   0.000 
   182.000      1.934153989      0.002000000      0.100000000   0.000 
   184.000      1.971997481      0.002000000      0.100000000   0.000 
   186.000      1.934308537      0.002000000      0.100000000   0.000 
   188.000      1.905324337      0.002000000      0.100000000   0.000 
   190.000      1.898196400      0.002000000      0.100000000   0.000 
   192.000      1.921217806      0.002000000      0.100000000   0.000 
   194.000      1.890593803      0.002000000      0.100000000   0.000 
   196.000      1.908496996      0.002000000      0.100000000   0.000 
   198.000      1.921347827      0.002000000      0.100000000   0.000 
   200.000      1.912670991      0.002000000      0.100000000   0.000 
   202.000      1.891126572      0.002000000      0.100000000   0.000 
   204.000      1.886249173      0.002000000      0.100000000   0.000 
   206.000      1.902824661      0.002000000      0.100000000   0.000 
   208.000      1.931210906      0.002000000      0.100000000   0.000 
   210.000      1.885741074      0.002000000      0.100000000   0.000 
   212.000      1.895030200      0.002000000      0.100000000   0.000 
   214.000      1.891252626      0.002000000      0.100000000   0.000 
   216.000      1.865539451      0.002000000      0.100000000   0.000 
   218.000      1.883747202      0.002000000      0.100000000   0.000 
   220.000      1.879957814      0.002000000      0.100000000   0.000 
   222.000      1.893130382      0.002000000      0.100000000   0.000 
   224.000      1.890289189      0.002000000      0.100000000   0.000 
   226.000      1.905313014      0.002000000      0.100000000   0.000 
   228.000      1.910025055      0.002000000      0.100000000   0.000 
   230.000      1.884327059      0.002000000      0.100000000   0.000 
   232.000      1.885501243      0.002000000      0.100000000   0.000 
   234.000      1.886657920      0.002000000      0.100000000   0.000 
   236.000      1.888396663      0.002000000      0.100000000   0.000 
   238.000      1.895616359      0.002000000      0.100000000   0.000 
   240.000      1.919653461      0.002000000      0.100000000   0.000 
   242.000      1.907682035      0.002000000      0.100000000   0.000 
   244.000      1.857239170      0.002000000      0.100000000   0.000 
   246.000      1.873473158      0.002000000      0.100000000   0.000 
   248.000      1.874603768      0.002000000      0.100000000   0.000 
   250.000      1.848351152      0.002000000      0.100000000   0.000 
   252.000      1.855981076      0.002000000      0.100000000   0.000 
   254.000      1.844837432      0.002000000      0.100000000   0.000 
   256.000      1.821379088      0.002000000      0.100000000   0.000 
   258.000      1.849398995      0.002000000      0.100000000   0.000 
   260.000      1.850317167      0.002000000      0.100000000   0.000 
   262.000      1.827151903      0.002000000      0.100000000   0.000 
   264.000      1.854735432      0.002000000      0.100000000   0.000 
   266.000      1.817885641      0.002000000      0.100000000   0.000 
   268.000      1.814521414      0.002000000      0.100000000   0.000 
   270.000      1.829502227      0.002000000      0.100000000   0.000 
   272.000      1.815139407      0.002000000      0.100000000   0.000 
   274.000      1.801206496      0.002000000      0.100000000   0.000 
   276.000      1.827545872      0.002000000      0.100000000   0.000 
   278.000      1.811014505      0.002000000      0.100000000   0.000 
   280.000      1.808714040      0.002000000      0.100000000   0.000 
   282.000      1.811724060      0.002000000      0.100000000   0.000 
   284.000      1.826155564      0.002000000      0.100000000   0.000 
   286.000      1.815248100      0.002000000      0.100000000   0.000 
   288.000      1.802214886      0.002000000      0.100000000   0.000 
   290.000      1.796227828      0.002000000      0.100000000   0.000 
   292.000      1.796436764      0.002000000      0.100000000   0.000 
   294.000      1.820090295      0.002000000      0.100000000   0.000 
   296.000      1.782020204      0.002000000      0.100000000   0.000 
   298.000      1.785606434      0.002000000      0.100000000   0.000 
   300.000      1.780543976      0.002000000      0.100000000   0.000 
   302.000      1.797350322      0.002000000      0.100000000   0.000 
   304.000      1.767110469      0.002000000      0.100000000   0.000 
   306.000      1.804149955      0.002000000      0.100000000   0.000 
   308.000      1.759523258      0.002000000      0.100000000   0.000 
   310.000      1.784458543      0.002000000      0.100000000   0.000 
   312.000      1.795503365      0.002000000      0.100000000   0.000 
   314.000      1.815768174      0.002000000      0.100000000   0.000 
   316.000      1.801150699      0.002000000      0.100000000   0.000 
   318.000      1.833674139      0.002000000      0.100000000   0.000 
   320.000      1.816835717      0.002000000      0.100000000   0.000 
   322.000      1.804360213      0.002000000      0.100000000   0.000 
   324.000      1.812817795      0.002000000      0.100000000   0.000 
   326.000      1.804959724      0.002000000      0.100000000   0.000 
   328.000      1.795695840      0.002000000      0.100000000   0.000 
   330.000      1.827879186      0.002000000      0.100000000   0.000 
   332.000      1.820727323      0.002000000      0.100000000   0.000 
   334.000      1.859262905      0.002000000      0.100000000   0.000 
   336.000      1.805143975      0.002000000      0.100000000   0.000 
   338.000      1.849004450      0.002000000      0.100000000   0.000 
   340.000      1.843178242      0.002000000      0.100000000   0.000 
   342.000      1.836353507      0.002000000      0.100000000   0.000 
   344.000      1.836613462      0.002000000      0.100000000   0.000 
   346.000      1.840204222      0.002000000      0.100000000   0.000 
   348.000      1.824282999      0.002000000      0.100000000   0.000 
   350.000      1.847783527      0.002000000      0.100000000   0.000 
   352.000      1.828987163      0.002000000      0.100000000   0.000 
   354.000      1.791203093      0.002000000      0.100000000   0.000 
   356.000      1.838908133      0.002000000      0.100000000   0.000 
   358.000      1.838468585      0.002000000      0.100000000   0.000 
   360.000      1.851544719      0.002000000      0.100000000   0.000 
   362.000      1.862276412      0.002000000      0.100000000   0.000 
   364.000      1.872582249      0.002000000      0.100000000   0.000 
   366.000      1.851790439      0.002000000      0.100000000   0.000 
   368.000      1.857475798      0.002000000      0.100000000   0.000 
   370.000      1.874767161      0.002000000      0.100000000   0.000 
   372.000      1.817395613      0.002000000      0.100000000   0.000 
   374.000      1.836503633      0.002000000      0.100000000   0.000 
   376.000      1.852271593      0.002000000      0.100000000   0.000 
   378.000      1.867773811      0.002000000      0.100000000   0.000 
   380.000      1.845627553      0.002000000      0.100000000   0.000 
   382.000      1.859088947      0.002000000      0.100000000   0.000 
   384.000      1.841419815      0.002000000      0.100000000   0.000 
   386.000      1.840064378      0.002000000      0.100000000   0.000 
   388.000      1.832240037      0.002000000      0.100000000   0.000 
   390.000      1.851692087      0.002000000      0.100000000   0.000 
   392.000      1.841064023      0.002000000      0.100000000   0.000 
   394.000      1.814401706      0.002000000      0.100000000   0.000 
   396.000      1.817370242      0.002000000      0.100000000   0.000 
   398.000      1.855322371      0.002000000      0.100000000   0.000 
   400.000      1.860094975      0.002000000      0.100000000   0.000 
   402.000      1.852674088      0.002000000      0.100000000   0.000 
   404.000      1.839191417      0.002000000      0.100000000   0.000 
   406.000      1.845174618      0.002000000      0.100000000   0.000 
   408.000      1.862874332      0.002000000      0.100000000   0.000 
   410.000      1.857789086      0.002000000      0.100000000   0.000 
   412.000      1.852513964      0.002000000      0.100000000   0.000 
   414.000      1.877240136      0.002000000      0.100000000   0.000 
   416.000      1.862382302      0.002000000      0.100000000   0.000 
   418.000      1.844748381      0.002000000      0.100000000   0.000 
   420.000      1.832944255      0.002000000      0.100000000   0.000 
   422.000      1.834576134      0.002000000      0.100000000   0.000 
   424.000      1.874118795      0.002000000      0.100000000   0.000 
   426.000      1.875396352      0.002000000      0.100000000   0.000 
   428.000      1.869535787      0.002000000      0.100000000   0.000 
   430.000      1.839792015      0.002000000      0.100000000   0.000 
   432.000      1.829401067      0.002000000      0.100000000   0.000 
   434.000      1.819864076      0.002000000      0.100000000   0.000 
   436.000      1.816105597      0.002000000      0.100000000   0.000 
   438.000      1.774959102      0.002000000      0.100000000   0.000 
   440.000      1.804130329      0.002000000      0.100000000   0.000 
   442.000      1.800035459      0.002000000      0.100000000   0.000 
   444.000      1.814361058      0.002000000      0.100000000   0.000 
   446.000      1.803951161      0.002000000      0.100000000   0.000 
   448.000      1.838619504      0.002000000      0.100000000   0.000 
   450.000      1.817516049      0.002000000      0.100000000   0.000 
   452.000      1.855012835      0.002000000      0.100000000   0.000 
   454.000      1.850867392      0.002000000      0.100000000   0.000 
   456.000      1.858476888      0.002000000      0.100000000   0.000 
   458.000      1.837879532      0.002000000      0.100000000   0.000 
   460.000      1.854707494      0.002000000      0.100000000   0.000 
   462.000      1.860130521      0.002000000      0.100000000   0.000 
   464.000      1.820025367      0.002000000      0.100000000   0.000 
   466.000      1.844877752      0.002000000      0.100000000   0.000 
   468.000      1.825847354      0.002000000      0.100000000   0.000 
   470.000      1.822431264      0.002000000      0.100000000   0.000 
   472.000      1.832694115      0.002000000      0.100000000   0.000 
   474.000      1.828953898      0.002000000      0.100000000   0.000 
   476.000      1.832977514      0.002000000      0.100000000   0.000 
   478.000      1.842344462      0.002000000      0.100000000   0.000 
   480.000      1.836665789      0.002000000      0.100000000   0.000 
   482.000      1.847824029      0.002000000      0.100000000   0.000 
   484.000      1.853808204      0.002000000      0.100000000   0.000 
   486.000      1.811248008      0.002000000      0.100000000   0.000 
   488.000      1.838560300      0.002000000      0.100000000   0.000 
   490.000      1.808977306      0.002000000      0.100000000   0.000 
   492.000      1.826420154      0.002000000      0.100000000   0.000 
   494.000      1.810013015      0.002000000      0.100000000   0.000 
   496.000      1.793208027      0.002000000      0.100000000   0.000 
   498.000      1.805154837      0.002000000      0.100000000   0.000 
   500.000      1.804521589      0.002000000      0.100000000   0.000 
   502.000      1.808775996      0.002000000      0.100000000   0.000 
   504.000      1.815483939      0.002000000      0.100000000   0.000 
   506.000      1.804116006      0.002000000      0.100000000   0.000 
   508.000      1.837666804      0.002000000      0.100000000   0.000 
   510.000      1.811204156      0.002000000      0.100000000   0.000 
   512.000      1.869370469      0.002000000      0.100000000   0.000 
   514.000      1.857768043      0.002000000      0.100000000   0.000 
   516.000      1.858050701      0.002000000      0.100000000   0.000 
   518.000      1.833729630      0.002000000      0.100000000   0.000 
   520.000      1.812910231      0.002000000      0.100000000   0.000 
   522.000      1.818192422      0.002000000      0.100000000   0.000 
   524.000      1.798475572      0.002000000      0.100000000   0.000 
   526.000      1.764259891      0.002000000      0.100000000   0.000 
   528.000      1.781738725      0.002000000      0.100000000   0.000 
   530.000      1.814889106      0.002000000      0.100000000   0.000 
   532.000      1.798093901      0.002000000      0.100000000   0.000 
   534.000      1.784174204      0.002000000      0.100000000   0.000 
   536.000      1.789854099      0.002000000      0.100000000   0.000 
   538.000      1.789534337      0.002000000      0.100000000   0.000 
   540.000      1.804778011      0.002000000      0.100000000   0.000 
   542.000      1.803497333      0.002000000      0.100000000   0.000 
   544.000      1.784576008      0.002000000      0.100000000   0.000 
   546.000      1.788239272      0.002000000      0.100000000   0.000 
   548.000      1.747840769      0.002000000      0.100000000   0.000 
   550.000      1.798638235      0.002000000      0.100000000   0.000 
   552.000      1.782664410      0.002000000      0.100000000   0.000 
   554.000      1.802588316      0.002000000      0.100000000   0.000 
   556.000      1.781893436      0.002000000      0.100000000   0.000 
   558.000      1.806328047      0.002000000      0.100000000   0.000 
   560.000      1.809588110      0.002000000      0.100000000   0.000 
   562.000      1.768099778      0.002000000      0.100000000   0.000 
   564.000      1.809551925      0.002000000      0.100000000   0.000 
   566.000      1.771662862      0.002000000      0.100000000   0.000 
   568.000      1.795485953      0.002000000      0.100000000   0.000 
   570.000      1.772688371      0.002000000      0.100000000   0.000 
   572.000      1.781594922      0.002000000      0.100000000   0.000 
   574.000      1.784663027      0.002000000      0.100000000   0.000 
   576.000      1.770373519      0.002000000      0.100000000   0.000 
   578.000      1.771670006      0.002000000      0.100000000   0.000 
   580.000      1.811229051      0.002000000      0.100000000   0.000 
   582.000      1.763543405      0.002000000      0.100000000   0.000 
   584.000      1.760836403      0.002000000      0.100000000   0.000 
   586.000      1.791938872      0.002000000      0.100000000   0.000 
   588.000      1.823525803      0.002000000      0.100000000   0.000 
   590.000      1.815825558      0.002000000      0.100000000   0.000 
   592.000      1.808497706      0.002000000      0.100000000   0.000 
   594.000      1.817588082      0.002000000      0.100000000   0.000 
   596.000      1.851923993      0.002000000      0.100000000   0.000 
   598.000      1.858619242      0.002000000      0.100000000   0.000 
   600.000      1.834526893      0.002000000      0.100000000   0.000 
   602.000      1.814038654      0.002000000      0.100000000   0.000 
   604.000      1.811629167      0.002000000      0.100000000   0.000 
   606.000      1.810857330      0.002000000      0.100000000   0.000 
   608.000      1.779072276      0.002000000      0.100000000   0.000 
   610.000      1.780353048      0.002000000      0.100000000   0.000 
   612.000      1.811076322      0.002000000      0.100000000   0.000 
   614.000      1.832277148      0.002000000      0.100000000   0.000 
   616.000      1.826714912      0.002000000      0.100000000   0.000 
   618.000      1.824900555      0.002000000      0.100000000   0.000 
   620.000      1.868295071      0.002000000      0.100000000   0.000 
   622.000      1.887679747      0.002000000      0.100000000   0.000 
   624.000      1.866442281      0.002000000      0.100000000   0.000 
   626.000      1.864235696      0.002000000      0.100000000   0.000 
   628.000      1.867811939      0.002000000      0.100000000   0.000 
   630.000      1.853309276      0.002000000      0.100000000   0.000 
   632.000      1.879149096      0.002000000      0.100000000   0.000 
   634.000      1.857843424      0.002000000      0.100000000   0.000 
   636.000      1.883308622      0.002000000      0.100000000   0.000 
   638.000      1.829038973      0.002000000      0.100000000   0.000 
   640.000      1.873775039      0.002000000      0.100000000   0.000 
   642.000      1.870658430      0.002000000      0.100000000   0.000 
   644.000      1.844177844      0.002000000      0.100000000   0.000 
   646.000      1.855328957      0.002000000      0.100000000   0.000 
   648.000      1.884459863      0.002000000      0.100000000   0.000 
   650.000      1.870368744      0.002000000      0.100000000   0.000 
   652.000      1.847549306      0.002000000      0.100000000   0.000 
   654.000      1.855744228      0.002000000      0.100000000   0.000 
   656.000      1.844136211      0.002000000      0.100000000   0.000 
   658.000      1.858061403      0.002000000      0.100000000   0.000 
   660.000      1.863331363      0.002000000      0.100000000   0.000 
   662.000      1.841881833      0.002000000      0.100000000   0.000 
   664.000      1.860487721      0.002000000      0.100000000   0.000 
   666.000      1.877438590      0.002000000      0.100000000   0.000 
   668.000      1.850898144      0.002000000      0.100000000   0.000 
   670.000      1.878468276      0.002000000      0.100000000   0.000 
   672.000      1.867185238      0.002000000      0.100000000   0.000 
   674.000      1.870209192      0.002000000      0.100000000   0.000 
   676.000      1.856821355      0.002000000      0.100000000   0.000 
   678.000      1.851963297      0.002000000      0.100000000   0.000 
   680.000      1.866246640      0.002000000      0.100000000   0.000 
   682.000      1.865935377      0.002000000      0.100000000   0.000 
   684.000      1.882731354      0.002000000      0.100000000   0.000 
   686.000      1.882436637      0.002000000      0.100000000   0.000 
   688.000      1.892939091      0.002000000      0.100000000   0.000 
   690.000      1.883208646      0.002000000      0.100000000   0.000 
   692.000      1.883563743      0.002000000      0.100000000   0.000 
   694.000      1.856684310      0.002000000      0.100000000   0.000 
   696.000      1.887788656      0.002000000      0.100000000   0.000 
   698.000      1.889088772      0.002000000      0.100000000   0.000 
   700.000      1.887799105      0.002000000      0.100000000   0.000 
   702.000      1.865759680      0.002000000      0.100000000   0.000 
   704.000      1.880694969      0.002000000      0.100000000   0.000 
   706.000      1.840709151      0.002000000      0.100000000   0.000 
   708.000      1.893366288      0.002000000      0.100000000   0.000 
   710.000      1.869012632      0.002000000      0.100000000   0.000 
   712.000      1.897825056      0.002000000      0.100000000   0.000 
   714.000      1.882134016      0.002000000      0.100000000   0.000 
   716.000      1.861261921      0.002000000      0.100000000   0.000 
   718.000      1.854143541      0.002000000      0.100000000   0.000 
   720.000      1.847306577      0.002000000      0.100000000   0.000 
   722.000      1.840653894      0.002000000      0.100000000   0.000 
   724.000      1.866169194      0.002000000      0.100000000   0.000 
   726.000      1.875305024      0.002000000      0.100000000   0.000 
   728.000      1.853049471      0.002000000      0.100000000   0.000 
   730.000      1.858101263      0.002000000      0.100000000   0.000 
   732.000      1.886605021      0.002000000      0.100000000   0.000 
   734.000      1.829967054      0.002000000      0.100000000   0.000 
   736.000      1.843322076      0.002000000      0.100000000   0.000 
   738.000      1.823792901      0.002000000      0.100000000   0.000 
   740.000      1.889891347      0.002000000      0.100000000   0.000 
   742.000      1.836373115      0.002000000      0.100000000   0.000 
   744.000      1.837111924      0.002000000      0.100000000   0.000 
   746.000      1.834130212      0.002000000      0.100000000   0.000 
   748.000      1.858383370      0.002000000      0.100000000   0.000 
   750.000      1.799758250      0.002000000      0.100000000   0.000 
   752.000      1.802845861      0.002000000      0.100000000   0.000 
   754.000      1.828234309      0.002000000      0.100000000   0.000 
   756.000      1.851937094      0.002000000      0.100000000   0.000 
   758.000      1.846419671      0.002000000      0.100000000   0.000 
   760.000      1.843221628      0.002000000      0.100000000   0.000 
   762.000      1.853092736      0.002000000      0.100000000   0.000 
   764.000      1.853666041      0.002000000      0.100000000   0.000 
   766.000      1.850400473      0.002000000      0.100000000   0.000 
   768.000      1.864785146      0.002000000      0.100000000   0.000 
   770.000      1.852097896      0.002000000      0.100000000   0.000 
   772.000      1.882013602      0.002000000      0.100000000   0.000 
   774.000      1.870121778      0.002000000      0.100000000   0.000 
   776.000      1.881495352      0.002000000      0.100000000   0.000 
   778.000      1.862490425      0.002000000      0.100000000   0.000 
   780.000      1.842418630      0.002000000      0.100000000   0.000 
   782.000      1.897425707      0.002000000      0.100000000   0.000 
   784.000      1.830489312      0.002000000      0.100000000   0.000 
   786.000      1.868950151      0.002000000      0.100000000   0.000 
   788.000      1.853279089      0.002000000      0.100000000   0.000 
   790.000      1.852366737      0.002000000      0.100000000   0.000 
   792.000      1.840154659      0.002000000      0.100000000   0.000 
   794.000      1.838770202      0.002000000      0.100000000   0.000 
   796.000      1.863212715      0.002000000      0.100000000   0.000 
   798.000      1.828179969      0.002000000      0.100000000   0.000 
   800.000      1.833980408      0.002000000      0.100000000   0.000 
   802.000      1.810761252      0.002000000      0.100000000   0.000 
   804.000      1.845962851      0.002000000      0.100000000   0.000 
   806.000      1.822757861      0.002000000      0.100000000   0.000 
   808.000      1.850896525      0.002000000      0.100000000   0.000 
   810.000      1.816363152      0.002000000      0.100000000   0.000 
   812.000      1.843453692      0.002000000      0.100000000   0.000 
   814.000      1.845597122      0.002000000      0.100000000   0.000 
   816.000      1.839212977      0.002000000      0.100000000   0.000 
   818.000      1.828934365      0.002000000      0.100000000   0.000 
   820.000      1.831861872      0.002000000      0.100000000   0.000 
   822.000      1.858552202      0.002000000      0.100000000   0.000 
   824.000      1.898912940      0.002000000      0.100000000   0.000 
   826.000      1.873589367      0.002000000      0.100000000   0.000 
   828.000      1.890518573      0.002000000      0.100000000   0.000 
   830.000      1.866124742      0.002000000      0.100000000   0.000 
   832.000      1.873634071      0.002000000      0.100000000   0.000 
   834.000      1.838126682      0.002000000      0.100000000   0.000 
   836.000      1.810844632      0.002000000      0.100000000   0.000 
   838.000      1.823552497      0.002000000      0.100000000   0.000 
   840.000      1.826488541      0.002000000      0.100000000   0.000 
   842.000      1.825280218      0.002000000      0.100000000   0.000 
   844.000      1.803339085      0.002000000      0.100000000   0.000 
   846.000      1.802742686      0.002000000      0.100000000   0.000 
   848.000      1.767011712      0.002000000      0.100000000   0.000 
   850.000      1.767192616      0.002000000      0.100000000   0.000 
   852.000      1.792510083      0.002000000      0.100000000   0.000 
   854.000      1.755826060      0.002000000      0.100000000   0.000 
   856.000      1.776233496      0.002000000      0.100000000   0.000 
   858.000      1.758542800      0.002000000      0.100000000   0.000 
   860.000      1.768226054      0.002000000      0.100000000   0.000 
   862.000      1.787820154      0.002000000      0.100000000   0.000 
   864.000      1.800215261      0.002000000      0.100000000   0.000 
   866.000      1.813445129      0.002000000      0.100000000   0.000 
   868.000      1.806800536      0.002000000      0.100000000   0.000 
   870.000      1.795633772      0.002000000      0.100000000   0.000 
   872.000      1.834374869      0.002000000      0.100000000   0.000 
   874.000      1.835157522      0.002000000      0.100000000   0.000 
   876.000      1.823686501      0.002000000      0.100000000   0.000 
   878.000      1.817939562      0.002000000      0.100000000   0.000 
   880.000      1.785030277      0.002000000      0.100000000   0.000 
   882.000      1.824496948      0.002000000      0.100000000   0.000 
   884.000      1.836263991      0.002000000      0.100000000   0.000 
   886.000      1.803530786      0.002000000      0.100000000   0.000 
   888.000      1.824764481      0.002000000      0.100000000   0.000 
   890.000      1.799795505      0.002000000      0.100000000   0.000 
   892.000      1.803647897      0.002000000      0.100000000   0.000 
   894.000      1.741170085      0.002000000      0.100000000   0.000 
   896.000      1.747837001      0.002000000      0.100000000   0.000 
   898.000      1.764285118      0.002000000      0.100000000   0.000 
   900.000      1.775376736      0.002000000      0.100000000   0.000 
   902.000      1.767513160      0.002000000      0.100000000   0.000 
   904.000      1.769482028      0.002000000      0.100000000   0.000 
   906.000      1.776581003      0.002000000      0.100000000   0.000 
   908.000      1.793217568      0.002000000      0.100000000   0.000 
   910.000      1.737434724      0.002000000      0.100000000   0.000 
   912.000      1.742569464      0.002000000      0.100000000   0.000 
   914.000      1.759903486      0.002000000      0.100000000   0.000 
   916.000      1.754894935      0.002000000      0.100000000   0.000 
   918.000      1.758084500      0.002000000      0.100000000   0.000 
   920.000      1.768131301      0.002000000      0.100000000   0.000 
   922.000      1.801108693      0.002000000      0.100000000   0.000 
   924.000      1.790821990      0.002000000      0.100000000   0.000 
   926.000      1.774844234      0.002000000      0.100000000   0.000 
   928.000      1.760016680      0.002000000      0.100000000   0.000 
   930.000      1.764695185      0.002000000      0.100000000   0.000 
   932.000      1.771493838      0.002000000      0.100000000   0.000 
   934.000      1.766802157      0.002000000      0.100000000   0.000 
   936.000      1.723677824      0.002000000      0.100000000   0.000 
   938.000      1.747637690      0.002000000      0.100000000   0.000 
   940.000      1.776845984      0.002000000      0.100000000   0.000 
   942.000      1.781251947      0.002000000      0.100000000   0.000 
   944.000      1.749559927      0.002000000      0.100000000   0.000 
   946.000      1.780246471      0.002000000      0.100000000   0.000 
   948.000      1.789787976      0.002000000      0.100000000   0.000 
   950.000      1.780165580      0.002000000      0.100000000   0.000 
   952.000      1.785801130      0.002000000      0.100000000   0.000 
   954.000      1.810303477      0.002000000      0.100000000   0.000 
   956.000      1.799140841      0.002000000      0.100000000   0.000 
   958.000      1.786476834      0.002000000      0.100000000   0.000 
   960.000      1.816519637      0.002000000      0.100000000   0.000 
   962.000      1.845165981      0.002000000      0.100000000   0.000 
   964.000      1.818632748      0.002000000      0.100000000   0.000 
   966.000      1.802100825      0.002000000      0.100000000   0.000 
   968.000      1.832400607      0.002000000      0.100000000   0.000 
   970.000      1.844260700      0.002000000      0.100000000   0.000 
   972.000      1.819187795      0.002000000      0.100000000   0.000 
   974.000      1.793492787      0.002000000      0.100000000   0.000 
   976.000      1.806138583      0.002000000      0.100000000   0.000 
   978.000      1.815273542      0.002000000      0.100000000   0.000 
   980.000      1.840282668      0.002000000      0.100000000   0.000 
   982.000      1.853274006      0.002000000      0.100000000   0.000 
   984.000      1.853783959      0.002000000      0.100000000   0.000 
   986.000      1.862203143      0.002000000      0.100000000   0.000 
   988.000      1.882127913      0.002000000      0.100000000   0.000 
   990.000      1.861156147      0.002000000      0.100000000   0.000 
   992.000      1.867288940      0.002000000      0.100000000   0.000 
   994.000      1.822161609      0.002000000      0.100000000   0.000 
   996.000      1.863051210      0.002000000      0.100000000   0.000 
   998.000      1.836139500      0.002000000      0.100000000   0.000 
  1000.000      1.830814325      0.002000000      0.100000000   0.000 
     2.000      1.993346499      0.002000000      0.100000000   0.000 
     4.000      2.016001216      0.002000000      0.100000000   0.000 
     6.000      1.999993654      0.002000000      0.100000000   0.000 
     8.000      1.987310958      0.002000000      0.100000000   0.000 
    10.000      1.990296390      0.002000000      0.100000000   0.000 
    12.000      1.986299301      0.002000000      0.100000000   0.000 
    14.000      1.983379253      0.002000000      0.100000000   0.000 
    16.000      1.990253552      0.002000000      0.100000000   0.000 
    18.000      1.998390263      0.002000000      0.100000000   0.000 
    20.000      1.982427948      0.002000000      0.100000000   0.000 
    22.000      1.987685011      0.002000000      0.100000000   0.000 
    24.000      1.974928561      0.002000000      0.100000000   0.000 
    26.000      1.990978176      0.002000000      0.100000000   0.000 
    28.000      1.973545964      0.002000000      0.100000000   0.000 
    30.000      1.965663165      0.002000000      0.100000000   0.000 
    32.000      1.951434992      0.002000000      0.100000000   0.000 
    34.000      1.949586870      0.002000000      0.100000000   0.000 
    36.000      1.956582143      0.002000000      0.100000000   0.000 
    38.000      1.982265518      0.002000000      0.100000000   0.000 
    40.000      1.962791427      0.002000000      0.100000000   0.000 
    42.000      1.989740915      0.002000000      0.100000000   0.000 
    44.000      1.981617611      0.002000000      0.100000000   0.000 
    46.000      2.038268358      0.002000000      0.100000000   0.000 
    48.000      2.027193446      0.002000000      0.100000000   0.000 
    50.000      2.043299442      0.002000000      0.100000000   0.000 
    52.000      2.040534128      0.002000000      0.100000000   0.000 
    54.000      2.016994556      0.002000000      0.100000000   0.000 
    56.000      1.982568616      0.002000000      0.100000000   0.000 
    58.000      1.960347484      0.002000000      0.100000000   0.000 
    60.000      1.972344316      0.002000000      0.100000000   0.000 
    62.000      1.957203004      0.002000000      0.100000000   0.000 
    64.000      1.949966494      0.002000000      0.100000000   0.000 
    66.000      1.961902404      0.002000000      0.100000000   0.000 
    68.000      1.950182415      0.002000000      0.100000000   0.000 
    70.000      1.893576220      0.002000000      0.100000000   0.000 
    72.000      1.893145338      0.002000000      0.100000000   0.000 
    74.000      1.893836127      0.002000000      0.100000000   0.000 
    76.000      1.876805521      0.002000000      0.100000000   0.000 
    78.000      1.872222550      0.002000000      0.100000000   0.000 
    80.000      1.838905123      0.002000000      0.100000000   0.000 
    82.000      1.880727462      0.002000000      0.100000000   0.000 
    84.000      1.855717232      0.002000000      0.100000000   0.000 
    86.000      1.908302418      0.002000000      0.100000000   0.000 
    88.000      1.876053526      0.002000000      0.100000000   0.000 
    90.000      1.879063322      0.002000000      0.100000000   0.000 
    92.000      1.896256942      0.002000000      0.100000000   0.000 
    94.000      1.878491228      0.002000000      0.100000000   0.000 
    96.000      1.870742484      0.002000000      0.100000000   0.000 
    98.000      1.886524670      0.002000000      0.100000000   0.000 
   100.000      1.864628733      0.002000000      0.100000000   0.000 
   102.000      1.861162276      0.002000000      0.100000000   0.000 
   104.000      1.863067570      0.002000000      0.100000000   0.000 
   106.000      1.881190862      0.002000000      0.100000000   0.000 
   108.000      1.859331408      0.002000000      0.100000000   0.000 
   110.000      1.900687450      0.002000000      0.100000000   0.000 
   112.000      1.887334057      0.002000000      0.100000000   0.000 
   114.000      1.874063900      0.002000000      0.100000000   0.000 
   116.000      1.876865154      0.002000000      0.100000000   0.000 
   118.000      1.891072077      0.002000000      0.100000000   0.000 
